0.00020519334066194 370.38697643231250822 366.98308548653960770 0.10134000000000000 0.10050000000000001
0.73660045862197876 95.30707793955302520 93.40235077195866609 0.81255999999999995 0.77890000000000004
0.76049053668975830 86.25450788434508809 86.92010762888914144 0.84594000000000003 0.79900000000000004
0.77195250988006592 81.78408500300649564 84.44966392760063911 0.86402000000000001 0.80640000000000001
0.77265310287475586 81.25896994841983201 85.54411814015382731 0.87507999999999997 0.80820000000000003
0.77707171440124512 79.39128708412580693 85.32562455098340592 0.88405999999999996 0.81100000000000005
0.78439444303512573 76.45602972123323582 84.13916589044461602 0.89117999999999997 0.81050000000000000
0.79436147212982178 72.57286582029688304 81.98201610783861781 0.89824000000000004 0.81140000000000001
0.80446135997772217 68.63698489586715823 79.80795122863381152 0.90205999999999997 0.80989999999999995
0.81050437688827515 66.19047071256905213 78.99084747217263214 0.90132000000000001 0.80730000000000002
0.81103914976119995 65.80966735313005245 79.76902695674046129 0.89961999999999998 0.80000000000000004
0.80914843082427979 66.34867761324129276 81.17534583996815911 0.89670000000000005 0.79239999999999999
0.80967700481414795 65.98634084716172765 81.81202194797005234 0.89739999999999998 0.79039999999999999
0.80868434906005859 66.20865154022450838 82.84186425178673119 0.90058000000000005 0.79190000000000005
0.80581003427505493 67.12926267540973413 84.45838043796028671 0.90293999999999996 0.79120000000000001
0.80726337432861328 66.42723103008611929 84.77461765070630406 0.90937999999999997 0.79490000000000005
0.81004464626312256 65.25508565488068768 84.59108039224223319 0.91290000000000004 0.79559999999999997
0.81772673130035400 62.22672232215666810 83.02597337467655336 0.91908000000000001 0.79790000000000005
0.82168948650360107 60.60440284943641842 82.49594781960651346 0.92396000000000000 0.80010000000000003
0.82156997919082642 60.52898583082896522 83.11825617407536981 0.92544000000000004 0.79969999999999997
0.82159131765365601 60.40327953133741801 83.70232192118456283 0.92600000000000005 0.79800000000000004
convert_ratio        train_loss         test_loss             train_acc            test_acc

行号是epoch，从0（未训练）开始，到20 epoch

convert_ratio用于衡量转换器的效果，向上走势

train_loss和test_loss画一起，不同颜色

train_acc和test_acc同理
