-0.01303988508880138 245.08764771366364243 244.12144125191269950 0.11902000000000000 0.11620000000000000
0.42932713031768799 134.87271606952637626 134.44361707359362867 0.89790000000000003 0.79110000000000003
0.43225154280662537 134.18416809121055167 133.75157097494525260 0.89668000000000003 0.78930000000000000
0.43277648091316223 134.06029022685098084 133.62740977098988537 0.89685999999999999 0.78969999999999996
0.43313729763031006 133.97537609988160057 133.54149170893771270 0.89742000000000000 0.78949999999999998
0.43338596820831299 133.91686376586289953 133.48199652410616523 0.89771999999999996 0.78990000000000005
0.43357592821121216 133.87214417713681769 133.43642687949406422 0.89773999999999998 0.79020000000000001
0.43373447656631470 133.83485230155613976 133.39852924711385640 0.89805999999999997 0.78979999999999995
0.43386089801788330 133.80504828645749171 133.36827500458736040 0.89829999999999999 0.79020000000000001
0.43396657705307007 133.78032106755640029 133.34301966770439662 0.89842000000000000 0.79020000000000001
0.43405714631080627 133.75887731761883970 133.32124182828673042 0.89870000000000005 0.79069999999999996
0.43413773179054260 133.73992980410679365 133.30203310243643955 0.89881999999999995 0.79049999999999998
0.43420550227165222 133.72400520890570874 133.28585650207131152 0.89890000000000003 0.79030000000000000
0.43426337838172913 133.71035548061360032 133.27218433550208943 0.89905999999999997 0.79030000000000000
0.43431395292282104 133.69844381034832281 133.25993366605916890 0.89920000000000000 0.79010000000000002
0.43436333537101746 133.68686947249389618 133.24823989382215927 0.89932000000000001 0.79069999999999996
0.43440285325050354 133.67756015748318532 133.23885053889767960 0.89920000000000000 0.79090000000000005
0.43444195389747620 133.66842868931763633 133.22966571977943318 0.89927999999999997 0.79090000000000005
0.43447324633598328 133.66092230169974187 133.22216004778624665 0.89929999999999999 0.79130000000000000
0.43450304865837097 133.65393823491947956 133.21514795388387142 0.89929999999999999 0.79120000000000001
0.43453246355056763 133.64686254711102720 133.20808085058905590 0.89947999999999995 0.79149999999999998
